Id,SalePrice
1461,130678.53125
1462,162115.625
1463,183667.015625
1464,193192.59375
1465,181849.25
1466,171598.265625
1467,179103.15625
1468,166696.75
1469,180231.09375
1470,125647.9921875
1471,193093.28125
1472,94188.3828125
1473,101322.171875
1474,152989.8125
1475,131955.546875
1476,413262.5
1477,257551.890625
1478,301266.09375
1479,246030.546875
1480,479029.21875
1481,320825.9375
1482,214885.375
1483,164865.765625
1484,177165.71875
1485,173868.53125
1486,188556.625
1487,363026.9375
1488,230260.40625
1489,216969.84375
1490,226043.328125
1491,186875.984375
1492,92112.0625
1493,190962.125
1494,274726.5
1495,267399.03125
1496,232158.4375
1497,174123.140625
1498,173393.875
1499,159190.140625
1500,151297.609375
1501,175794.890625
1502,146766.375
1503,284107.96875
1504,232932.625
1505,227050.0
1506,185572.84375
1507,246573.640625
1508,207777.609375
1509,168175.0625
1510,146886.546875
1511,141024.71875
1512,169645.703125
1513,140817.078125
1514,168680.75
1515,186026.765625
1516,160862.359375
1517,157482.546875
1518,138356.484375
1519,228237.03125
1520,139216.734375
1521,139023.71875
1522,160566.03125
1523,111734.9921875
1524,126278.828125
1525,123847.265625
1526,121716.1328125
1527,102702.5390625
1528,135032.5
1529,149666.375
1530,175789.25
1531,94657.65625
1532,98158.453125
1533,156177.4375
1534,115791.9609375
1535,159197.828125
1536,107116.8203125
1537,66092.09375
1538,190925.328125
1539,205784.421875
1540,90149.8671875
1541,143463.421875
1542,128392.7421875
1543,221863.4375
1544,84702.3984375
1545,105596.3203125
1546,127963.4921875
1547,141406.84375
1548,140068.125
1549,128158.375
1550,141101.78125
1551,106731.0078125
1552,135434.375
1553,162098.34375
1554,112169.9921875
1555,173752.890625
1556,84888.203125
1557,107486.7890625
1558,90388.21875
1559,87290.265625
1560,131107.78125
1561,146924.625
1562,131618.703125
1563,121920.265625
1564,153981.890625
1565,150428.109375
1566,219115.921875
1567,73510.5234375
1568,229817.125
1569,144155.765625
1570,147908.796875
1571,126356.71875
1572,149337.1875
1573,231656.40625
1574,123566.7734375
1575,220356.453125
1576,234049.453125
1577,205925.640625
1578,151278.296875
1579,149829.171875
1580,193695.0
1581,160700.1875
1582,125623.1640625
1583,323833.0625
1584,231433.640625
1585,142228.5625
1586,82091.9140625
1587,90956.1796875
1588,160233.28125
1589,96902.1953125
1590,131893.71875
1591,96086.109375
1592,111190.765625
1593,123226.09375
1594,139153.828125
1595,111619.7109375
1596,246661.46875
1597,200912.640625
1598,211100.171875
1599,181115.578125
1600,181167.734375
1601,68372.9453125
1602,117699.859375
1603,80748.1640625
1604,277495.9375
1605,231943.875
1606,168006.421875
1607,192412.53125
1608,197343.578125
1609,190489.90625
1610,146073.015625
1611,143405.421875
1612,163911.890625
1613,155184.375
1614,116464.859375
1615,91024.140625
1616,68396.9296875
1617,93257.9765625
1618,124314.9453125
1619,139625.515625
1620,154405.9375
1621,135696.890625
1622,139653.375
1623,292170.375
1624,215468.453125
1625,127484.4140625
1626,164248.296875
1627,193822.59375
1628,267368.5625
1629,180095.171875
1630,393685.125
1631,219629.859375
1632,249020.375
1633,171670.84375
1634,190727.9375
1635,179847.984375
1636,153823.96875
1637,184143.09375
1638,206406.140625
1639,183025.640625
1640,253237.078125
1641,178776.828125
1642,226492.78125
1643,217275.828125
1644,228025.4375
1645,203885.09375
1646,160275.25
1647,159340.171875
1648,135718.15625
1649,140204.1875
1650,117795.7734375
1651,123118.4609375
1652,96015.421875
1653,99845.5859375
1654,151271.25
1655,145282.3125
1656,146378.40625
1657,148922.203125
1658,145616.765625
1659,134348.265625
1660,152478.78125
1661,414015.96875
1662,409170.84375
1663,390497.5625
1664,328519.8125
1665,320986.84375
1666,305724.15625
1667,375453.78125
1668,327062.53125
1669,295887.625
1670,354498.84375
1671,251203.109375
1672,492892.59375
1673,293865.71875
1674,243016.640625
1675,186559.96875
1676,193462.8125
1677,221577.875
1678,488372.71875
1679,384448.71875
1680,345245.9375
1681,267564.53125
1682,280391.59375
1683,177852.109375
1684,166508.84375
1685,172863.765625
1686,171055.515625
1687,163641.34375
1688,185211.65625
1689,189720.9375
1690,185581.015625
1691,185469.984375
1692,257521.6875
1693,161560.84375
1694,187708.078125
1695,160235.203125
1696,271814.65625
1697,169353.609375
1698,355769.125
1699,333624.96875
1700,254807.0625
1701,249832.546875
1702,261151.09375
1703,236764.390625
1704,296237.4375
1705,226032.078125
1706,428503.15625
1707,225483.5
1708,212289.421875
1709,310576.53125
1710,232444.984375
1711,247818.015625
1712,232024.8125
1713,271551.9375
1714,223543.96875
1715,212474.046875
1716,182906.046875
1717,170851.9375
1718,135404.5
1719,198790.875
1720,239962.328125
1721,169855.53125
1722,132396.53125
1723,147489.90625
1724,217678.53125
1725,244984.890625
1726,185314.71875
1727,154798.515625
1728,169050.09375
1729,167602.5625
1730,162602.328125
1731,122182.2265625
1732,135205.296875
1733,120597.3046875
1734,118367.5078125
1735,138160.1875
1736,117565.2578125
1737,348112.21875
1738,223018.328125
1739,275035.25
1740,218465.90625
1741,197275.578125
1742,170812.609375
1743,172537.875
1744,309929.59375
1745,231382.5
1746,228734.046875
1747,235200.109375
1748,235300.390625
1749,148192.640625
1750,120729.96875
1751,243454.25
1752,119829.109375
1753,141721.25
1754,206820.171875
1755,164335.796875
1756,131728.390625
1757,120318.3984375
1758,139186.28125
1759,155772.078125
1760,166234.265625
1761,141157.015625
1762,175403.84375
1763,162823.296875
1764,115405.7890625
1765,161382.53125
1766,178120.375
1767,212344.71875
1768,149846.0625
1769,175475.34375
1770,151204.9375
1771,133217.828125
1772,146607.09375
1773,133103.953125
1774,125134.4296875
1775,141580.765625
1776,120999.0859375
1777,105826.5390625
1778,142448.0625
1779,125350.8984375
1780,179220.34375
1781,131048.7421875
1782,99838.2421875
1783,146931.546875
1784,110697.109375
1785,125500.578125
1786,162334.015625
1787,166676.046875
1788,66622.546875
1789,109857.6875
1790,72584.8515625
1791,196736.59375
1792,162121.375
1793,122105.4375
1794,147693.078125
1795,128970.109375
1796,134004.21875
1797,132540.171875
1798,128989.0546875
1799,110791.90625
1800,149160.078125
1801,131347.53125
1802,137737.25
1803,142801.046875
1804,140508.109375
1805,134694.671875
1806,113737.0859375
1807,127920.7421875
1808,126623.0390625
1809,125401.4921875
1810,149866.0625
1811,97604.2578125
1812,112016.6640625
1813,124673.9140625
1814,97706.2890625
1815,47728.3125
1816,102626.1484375
1817,122612.7109375
1818,158363.703125
1819,122958.515625
1820,50960.8203125
1821,106585.0546875
1822,147693.203125
1823,41307.59375
1824,144117.03125
1825,138765.203125
1826,96933.453125
1827,102504.640625
1828,150820.078125
1829,125816.8125
1830,148746.4375
1831,161187.609375
1832,68225.6015625
1833,136097.046875
1834,136123.96875
1835,137644.734375
1836,136148.6875
1837,82063.4609375
1838,126886.796875
1839,85884.875
1840,172930.15625
1841,153227.796875
1842,71434.65625
1843,140219.640625
1844,143275.0625
1845,154119.71875
1846,144919.609375
1847,170666.390625
1848,59639.59765625
1849,116793.71875
1850,121040.515625
1851,157745.609375
1852,127315.8359375
1853,137364.109375
1854,166614.5
1855,138347.3125
1856,211599.828125
1857,159646.328125
1858,134275.296875
1859,118741.0390625
1860,157306.40625
1861,118741.0390625
1862,288191.71875
1863,277961.21875
1864,278340.84375
1865,330545.40625
1866,326144.78125
1867,237700.953125
1868,302794.90625
1869,198405.9375
1870,235032.421875
1871,248256.984375
1872,172414.75
1873,226361.8125
1874,148654.734375
1875,199371.46875
1876,196092.4375
1877,214177.640625
1878,198251.90625
1879,138598.015625
1880,134582.609375
1881,237497.921875
1882,246659.09375
1883,188859.875
1884,206912.328125
1885,261940.484375
1886,311698.53125
1887,201557.171875
1888,266750.09375
1889,165077.359375
1890,130890.5390625
1891,139737.734375
1892,101870.671875
1893,135742.015625
1894,144817.125
1895,140370.125
1896,123332.4609375
1897,106055.375
1898,107852.3046875
1899,160560.46875
1900,153476.578125
1901,180727.5625
1902,146225.5625
1903,222109.3125
1904,146000.828125
1905,195106.90625
1906,177877.484375
1907,206007.921875
1908,114426.7109375
1909,133192.984375
1910,121956.609375
1911,216519.25
1912,315021.0625
1913,138377.15625
1914,79194.2578125
1915,342949.53125
1916,44957.90234375
1917,249800.921875
1918,141209.390625
1919,162400.796875
1920,125222.2109375
1921,443362.53125
1922,320221.53125
1923,212477.984375
1924,211715.6875
1925,205368.5625
1926,383223.4375
1927,141432.265625
1928,150130.84375
1929,124410.7578125
1930,132384.53125
1931,140270.875
1932,142139.953125
1933,191681.0625
1934,184576.234375
1935,178321.65625
1936,193023.125
1937,190727.203125
1938,177653.171875
1939,233302.78125
1940,181519.0625
1941,177077.453125
1942,189416.0625
1943,202818.078125
1944,358805.0625
1945,401339.90625
1946,148695.96875
1947,358252.3125
1948,172210.390625
1949,226069.671875
1950,187406.765625
1951,270043.78125
1952,218662.859375
1953,160506.125
1954,183318.21875
1955,134150.6875
1956,298450.6875
1957,152439.578125
1958,304692.03125
1959,135812.046875
1960,124330.4296875
1961,116989.53125
1962,96616.4609375
1963,105870.28125
1964,114938.96875
1965,143049.375
1966,146268.859375
1967,288596.46875
1968,441253.875
1969,400954.53125
1970,447044.21875
1971,424667.78125
1972,388529.5
1973,245605.546875
1974,314940.5625
1975,425185.8125
1976,260359.328125
1977,350699.46875
1978,377460.78125
1979,324273.71875
1980,199241.65625
1981,353672.46875
1982,236280.1875
1983,215574.265625
1984,161417.515625
1985,216337.703125
1986,210922.40625
1987,175209.9375
1988,181718.796875
1989,188087.71875
1990,216949.078125
1991,236125.296875
1992,214011.859375
1993,165218.640625
1994,237521.0625
1995,181374.078125
1996,246127.015625
1997,326394.375
1998,355011.6875
1999,265690.46875
2000,315020.5625
2001,257341.890625
2002,230055.703125
2003,246110.59375
2004,260461.3125
2005,228872.90625
2006,237290.0
2007,230082.921875
2008,220248.125
2009,191087.28125
2010,189895.453125
2011,144169.609375
2012,175373.828125
2013,187909.125
2014,185440.9375
2015,209119.015625
2016,198669.3125
2017,195887.328125
2018,130153.5390625
2019,137627.453125
2020,115659.9453125
2021,110480.015625
2022,181831.96875
2023,136115.8125
2024,243954.6875
2025,390187.96875
2026,174488.65625
2027,152769.796875
2028,149961.734375
2029,169975.859375
2030,267772.96875
2031,254785.578125
2032,271448.25
2033,274088.8125
2034,166925.03125
2035,213172.8125
2036,191616.453125
2037,200321.390625
2038,337831.46875
2039,242611.390625
2040,313637.71875
2041,267075.9375
2042,201602.0625
2043,169743.453125
2044,157891.734375
2045,217394.578125
2046,137114.3125
2047,146553.5
2048,140891.390625
2049,136567.53125
2050,183281.03125
2051,109717.7734375
2052,133852.328125
2053,149864.859375
2054,86621.71875
2055,155626.46875
2056,142452.171875
2057,119867.0390625
2058,228162.453125
2059,138261.8125
2060,172636.8125
2061,171160.46875
2062,137485.625
2063,118516.421875
2064,142178.703125
2065,122409.5
2066,173700.796875
2067,119629.625
2068,114911.421875
2069,91411.578125
2070,114708.203125
2071,100668.796875
2072,121386.4921875
2073,136924.015625
2074,178426.546875
2075,146285.890625
2076,121692.6484375
2077,163452.140625
2078,131329.96875
2079,132591.015625
2080,111532.15625
2081,122644.6953125
2082,133758.515625
2083,139666.8125
2084,110450.4609375
2085,127939.21875
2086,136567.953125
2087,121251.7578125
2088,95824.7578125
2089,70099.640625
2090,129871.765625
2091,123314.1953125
2092,116695.3046875
2093,133380.46875
2094,122781.6640625
2095,158187.953125
2096,76326.9296875
2097,90949.7109375
2098,141119.453125
2099,52651.48046875
2100,87395.75
2101,117969.875
2102,125060.2421875
2103,97567.53125
2104,123260.2265625
2105,128386.0
2106,68316.0078125
2107,213910.203125
2108,115603.1484375
2109,113279.3359375
2110,137158.21875
2111,145219.328125
2112,140546.796875
2113,121728.796875
2114,103595.1328125
2115,163873.234375
2116,120966.9453125
2117,159958.78125
2118,130758.21875
2119,111013.1640625
2120,106128.3515625
2121,78162.6484375
2122,114802.3828125
2123,92588.796875
2124,169559.125
2125,130150.71875
2126,148689.203125
2127,158923.953125
2128,124141.71875
2129,99148.53125
2130,152233.015625
2131,143459.265625
2132,116593.140625
2133,116204.6328125
2134,128353.0390625
2135,94878.640625
2136,75366.0078125
2137,122460.65625
2138,136820.421875
2139,154130.4375
2140,144061.5625
2141,139919.21875
2142,133872.015625
2143,143469.390625
2144,100970.9921875
2145,140003.5
2146,166911.078125
2147,124720.796875
2148,131604.21875
2149,150169.125
2150,219691.609375
2151,104677.625
2152,179829.328125
2153,183356.09375
2154,115390.1015625
2155,139562.375
2156,271700.6875
2157,219361.28125
2158,241657.328125
2159,207712.796875
2160,169415.5625
2161,234016.46875
2162,389929.3125
2163,350008.53125
2164,239930.46875
2165,191822.546875
2166,146726.8125
2167,213214.75
2168,209867.28125
2169,198870.921875
2170,221681.75
2171,150351.171875
2172,138445.125
2173,163289.640625
2174,234753.625
2175,314762.28125
2176,324988.6875
2177,243989.40625
2178,205638.84375
2179,140888.96875
2180,222231.171875
2181,189087.296875
2182,226360.6875
2183,190942.375
2184,128237.7421875
2185,107749.3515625
2186,138088.578125
2187,150272.015625
2188,157392.734375
2189,183159.625
2190,81356.6328125
2191,84292.7265625
2192,93919.4375
2193,112609.0078125
2194,106363.546875
2195,112782.453125
2196,108805.6171875
2197,122502.9765625
2198,158632.828125
2199,175330.578125
2200,157920.984375
2201,146092.125
2202,228543.828125
2203,138736.40625
2204,185697.546875
2205,100201.03125
2206,136417.921875
2207,221208.484375
2208,259295.015625
2209,232997.140625
2210,126128.1015625
2211,112985.546875
2212,117526.828125
2213,109744.7890625
2214,120005.9609375
2215,104076.125
2216,154940.765625
2217,71988.9140625
2218,73278.328125
2219,76710.984375
2220,68096.953125
2221,345278.90625
2222,256672.03125
2223,285947.3125
2224,209256.234375
2225,116546.84375
2226,179501.53125
2227,194831.59375
2228,260137.203125
2229,247831.96875
2230,145016.1875
2231,213742.578125
2232,171992.25
2233,166988.390625
2234,239233.734375
2235,223756.625
2236,270072.40625
2237,336815.40625
2238,202766.53125
2239,120256.8828125
2240,162577.765625
2241,155216.234375
2242,127272.5
2243,125933.6328125
2244,101248.9609375
2245,106038.4921875
2246,144423.28125
2247,111233.8203125
2248,129507.8984375
2249,124650.6640625
2250,134799.0
2251,122644.546875
2252,168925.75
2253,158223.671875
2254,172512.53125
2255,196562.21875
2256,185026.15625
2257,198594.859375
2258,169515.375
2259,175433.8125
2260,134167.40625
2261,188117.75
2262,220605.296875
2263,369243.59375
2264,366670.75
2265,200357.109375
2266,338139.625
2267,389229.46875
2268,413267.5
2269,147820.21875
2270,183478.03125
2271,225015.8125
2272,196574.40625
2273,163634.71875
2274,172449.78125
2275,170976.125
2276,193350.578125
2277,187614.203125
2278,146384.375
2279,134787.765625
2280,124503.140625
2281,173767.0625
2282,184949.34375
2283,102145.0625
2284,118044.5703125
2285,153127.265625
2286,122933.9453125
2287,349456.625
2288,288519.53125
2289,396593.9375
2290,469961.84375
2291,335968.59375
2292,436777.75
2293,485279.78125
2294,426733.40625
2295,443786.78125
2296,247708.640625
2297,314663.1875
2298,314597.125
2299,399980.71875
2300,350066.09375
2301,279692.1875
2302,242057.859375
2303,250783.984375
2304,242759.578125
2305,186562.53125
2306,180411.703125
2307,185343.296875
2308,215343.578125
2309,282342.8125
2310,223976.15625
2311,201528.1875
2312,178232.0625
2313,178061.21875
2314,165417.1875
2315,178008.640625
2316,170584.578125
2317,177502.78125
2318,177160.28125
2319,173107.21875
2320,185910.40625
2321,228680.40625
2322,171143.9375
2323,184326.484375
2324,164316.25
2325,205652.6875
2326,163339.625
2327,214367.125
2328,230786.0625
2329,187819.53125
2330,177568.84375
2331,364997.375
2332,395101.25
2333,312979.96875
2334,245933.375
2335,254014.75
2336,322187.4375
2337,205289.078125
2338,273154.03125
2339,205322.140625
2340,405691.90625
2341,211987.5
2342,230294.0
2343,228249.46875
2344,222900.78125
2345,228470.390625
2346,218275.59375
2347,199628.328125
2348,242598.0
2349,179712.203125
2350,280029.90625
2351,236931.140625
2352,232202.984375
2353,255162.1875
2354,133121.328125
2355,150917.84375
2356,159091.546875
2357,191639.4375
2358,195798.34375
2359,132433.71875
2360,113066.96875
2361,145124.609375
2362,271221.5625
2363,153823.25
2364,164600.671875
2365,223496.828125
2366,201715.09375
2367,229598.5
2368,221972.390625
2369,210723.765625
2370,175981.234375
2371,176012.875
2372,189771.59375
2373,285914.09375
2374,346584.25
2375,254274.78125
2376,303062.0
2377,391545.78125
2378,140394.5
2379,198504.484375
2380,140167.828125
2381,158399.78125
2382,195621.5625
2383,192227.328125
2384,243513.3125
2385,164724.265625
2386,134527.609375
2387,142582.953125
2388,100736.515625
2389,127396.125
2390,156040.265625
2391,150319.0625
2392,115594.125
2393,167490.4375
2394,152154.546875
2395,209351.484375
2396,140736.65625
2397,211925.734375
2398,136413.609375
2399,64659.8671875
2400,45859.140625
2401,106290.109375
2402,137179.96875
2403,132299.625
2404,142145.046875
2405,159397.65625
2406,138580.765625
2407,122511.3984375
2408,146647.03125
2409,128337.0703125
2410,156945.765625
2411,118098.140625
2412,163974.96875
2413,131633.59375
2414,148216.296875
2415,127644.2734375
2416,131472.484375
2417,129597.3515625
2418,125965.4296875
2419,125625.3671875
2420,123561.34375
2421,148193.703125
2422,129047.5078125
2423,135724.28125
2424,153585.375
2425,192820.875
2426,115499.875
2427,140152.703125
2428,166138.578125
2429,117317.4609375
2430,129364.0859375
2431,118760.375
2432,151262.46875
2433,155024.671875
2434,139689.140625
2435,151786.203125
2436,109123.828125
2437,111858.84375
2438,126065.015625
2439,115953.3359375
2440,117423.2734375
2441,88129.1953125
2442,93008.546875
2443,120295.9921875
2444,129552.015625
2445,70541.078125
2446,136345.96875
2447,196187.828125
2448,140561.046875
2449,101742.375
2450,145834.78125
2451,122433.375
2452,202145.140625
2453,95618.46875
2454,131700.859375
2455,123786.640625
2456,141325.90625
2457,131394.703125
2458,128747.3359375
2459,116223.078125
2460,140126.359375
2461,116698.796875
2462,139811.015625
2463,125793.828125
2464,169760.71875
2465,135860.328125
2466,114942.1171875
2467,137950.96875
2468,60929.31640625
2469,69322.8203125
2470,175624.8125
2471,211094.875
2472,157774.234375
2473,122638.5
2474,77066.4921875
2475,220614.921875
2476,117620.6328125
2477,132217.078125
2478,157941.234375
2479,103833.25
2480,149030.53125
2481,126834.484375
2482,128083.140625
2483,114660.6640625
2484,121622.203125
2485,126826.296875
2486,161964.28125
2487,169568.375
2488,159891.15625
2489,148810.8125
2490,156377.328125
2491,92705.3359375
2492,182263.546875
2493,143870.390625
2494,144896.328125
2495,81669.5
2496,225251.265625
2497,146518.40625
2498,111307.7421875
2499,100810.671875
2500,132349.453125
2501,136720.546875
2502,157034.359375
2503,94144.484375
2504,178091.78125
2505,226646.609375
2506,247761.015625
2507,301789.125
2508,249352.859375
2509,212986.171875
2510,213647.625
2511,177949.453125
2512,210723.9375
2513,218744.90625
2514,249067.53125
2515,151501.875
2516,168041.03125
2517,146748.578125
2518,154472.65625
2519,232770.40625
2520,208136.359375
2521,188402.0625
2522,229352.28125
2523,120391.8359375
2524,133973.359375
2525,142819.265625
2526,141158.640625
2527,110211.0390625
2528,127330.7421875
2529,139770.9375
2530,123555.265625
2531,242547.078125
2532,226681.15625
2533,193209.265625
2534,208434.625
2535,336410.40625
2536,241528.984375
2537,237651.4375
2538,176430.0
2539,187699.09375
2540,175999.046875
2541,175798.4375
2542,163749.171875
2543,134018.875
2544,129149.1953125
2545,122834.75
2546,139248.78125
2547,137587.328125
2548,150927.859375
2549,159939.34375
2550,278765.75
2551,141656.0
2552,124386.4375
2553,73577.7578125
2554,108053.6328125
2555,115470.1875
2556,102591.546875
2557,106302.75
2558,187713.859375
2559,134381.578125
2560,144421.0625
2561,147968.53125
2562,144589.78125
2563,156982.0
2564,197484.296875
2565,146337.328125
2566,171974.953125
2567,123869.546875
2568,198651.65625
2569,194963.4375
2570,123443.1640625
2571,186853.28125
2572,165990.515625
2573,215585.953125
2574,261723.21875
2575,133820.375
2576,127630.59375
2577,155957.21875
2578,87563.328125
2579,70019.8828125
2580,119616.5
2581,130955.015625
2582,127109.5390625
2583,273902.59375
2584,154338.234375
2585,188606.734375
2586,215327.421875
2587,192167.5625
2588,156227.609375
2589,145540.65625
2590,214924.359375
2591,196930.921875
2592,208675.34375
2593,254735.78125
2594,179565.578125
2595,204491.125
2596,314586.78125
2597,184509.0
2598,287997.125
2599,316137.0625
2600,197079.671875
2601,141595.921875
2602,81628.3046875
2603,94515.0625
2604,89491.0234375
2605,77185.90625
2606,148138.5
2607,192389.765625
2608,198157.65625
2609,168233.09375
2610,113304.6953125
2611,124589.515625
2612,153717.375
2613,135124.96875
2614,129992.140625
2615,148149.671875
2616,138852.171875
2617,189849.234375
2618,211136.4375
2619,189486.171875
2620,191904.515625
2621,181272.390625
2622,179084.0
2623,252797.296875
2624,283358.75
2625,327707.0
2626,168629.0625
2627,164787.90625
2628,478718.3125
2629,560759.4375
2630,410098.625
2631,469067.71875
2632,432293.96875
2633,360506.75
2634,386566.09375
2635,158149.015625
2636,177175.296875
2637,194027.6875
2638,265017.25
2639,187648.640625
2640,157234.921875
2641,103507.3515625
2642,193255.59375
2643,96638.2109375
2644,131603.28125
2645,108775.9765625
2646,96472.03125
2647,100123.234375
2648,141051.859375
2649,152675.765625
2650,149402.6875
2651,141742.0
2652,425995.875
2653,230877.359375
2654,253227.6875
2655,395040.9375
2656,322768.78125
2657,352948.84375
2658,295476.3125
2659,337085.40625
2660,361758.6875
2661,364453.0
2662,350323.90625
2663,259682.1875
2664,276747.03125
2665,322260.96875
2666,291400.4375
2667,165126.953125
2668,173647.1875
2669,172558.953125
2670,286754.46875
2671,181493.015625
2672,186981.484375
2673,202842.984375
2674,206789.046875
2675,168293.078125
2676,186073.125
2677,194409.03125
2678,244180.5625
2679,269702.75
2680,269800.21875
2681,406002.8125
2682,314354.78125
2683,537657.75
2684,316972.65625
2685,320212.625
2686,250682.75
2687,330115.78125
2688,215446.65625
2689,210576.21875
2690,481101.15625
2691,195260.875
2692,128345.359375
2693,193657.265625
2694,130232.046875
2695,188907.875
2696,183192.765625
2697,183114.015625
2698,190848.890625
2699,176114.296875
2700,158759.140625
2701,141326.078125
2702,108921.3046875
2703,127853.1640625
2704,142423.765625
2705,122728.953125
2706,117452.9140625
2707,127697.515625
2708,132917.484375
2709,119034.171875
2710,125522.640625
2711,317998.78125
2712,383682.59375
2713,163563.703125
2714,150806.421875
2715,172074.390625
2716,147645.8125
2717,178456.640625
2718,227325.296875
2719,149051.578125
2720,170282.59375
2721,137619.734375
2722,160553.4375
2723,140812.234375
2724,136019.421875
2725,137833.859375
2726,146030.953125
2727,182190.703125
2728,159559.21875
2729,150028.046875
2730,146305.859375
2731,125423.375
2732,132181.296875
2733,158431.4375
2734,144377.40625
2735,133222.8125
2736,143535.203125
2737,123711.9296875
2738,124407.25
2739,157556.015625
2740,137771.609375
2741,150123.8125
2742,149064.390625
2743,142234.21875
2744,156728.359375
2745,142961.375
2746,136427.28125
2747,145369.59375
2748,129880.6328125
2749,133100.796875
2750,133654.78125
2751,136621.921875
2752,196003.71875
2753,161103.765625
2754,209885.59375
2755,126845.40625
2756,115175.265625
2757,79551.2109375
2758,83750.796875
2759,162758.5
2760,132418.046875
2761,143066.71875
2762,144814.171875
2763,173228.46875
2764,152388.875
2765,283979.625
2766,128069.484375
2767,91068.640625
2768,129786.78125
2769,135636.171875
2770,141704.984375
2771,112267.71875
2772,117539.7578125
2773,161473.578125
2774,136848.484375
2775,121976.3671875
2776,135334.484375
2777,142117.40625
2778,120136.0859375
2779,122447.5
2780,100965.875
2781,100048.2578125
2782,94345.6875
2783,109182.3828125
2784,125737.8125
2785,134319.0625
2786,69939.8515625
2787,126102.15625
2788,73898.0
2789,186150.328125
2790,88860.140625
2791,122716.46875
2792,60074.82421875
2793,163770.234375
2794,109829.9453125
2795,121411.3046875
2796,118574.28125
2797,177318.4375
2798,116628.1796875
2799,120383.0234375
2800,67621.703125
2801,107564.15625
2802,150881.3125
2803,155198.4375
2804,143256.28125
2805,104571.3515625
2806,75776.4609375
2807,164483.171875
2808,154453.8125
2809,139175.734375
2810,139849.71875
2811,158680.53125
2812,153578.578125
2813,181882.53125
2814,166990.125
2815,105582.078125
2816,221398.0625
2817,150902.8125
2818,131362.625
2819,161904.796875
2820,132276.5
2821,103236.1171875
2822,193793.921875
2823,305634.8125
2824,194995.234375
2825,162947.0
2826,136956.578125
2827,135881.90625
2828,222904.828125
2829,205382.6875
2830,229292.046875
2831,184082.0
2832,232872.125
2833,297967.9375
2834,214098.984375
2835,208958.953125
2836,194527.6875
2837,150014.03125
2838,144536.0625
2839,183297.53125
2840,201693.59375
2841,199669.390625
2842,225262.390625
2843,150948.0625
2844,149302.84375
2845,120526.3359375
2846,213309.265625
2847,206348.203125
2848,223936.96875
2849,203101.390625
2850,274595.90625
2851,223215.140625
2852,219856.46875
2853,240756.0625
2854,142181.453125
2855,203133.6875
2856,193859.328125
2857,184935.859375
2858,199198.09375
2859,119654.7578125
2860,128324.171875
2861,134977.359375
2862,188075.875
2863,130808.78125
2864,247164.734375
2865,145180.09375
2866,134126.6875
2867,96051.65625
2868,92343.3046875
2869,115370.90625
2870,129890.09375
2871,89590.046875
2872,46196.890625
2873,113680.609375
2874,134560.296875
2875,111125.46875
2876,155504.40625
2877,136223.515625
2878,176666.390625
2879,138029.25
2880,101677.8515625
2881,158042.453125
2882,181440.953125
2883,199047.71875
2884,187163.65625
2885,191607.65625
2886,240520.84375
2887,100478.265625
2888,129399.7265625
2889,55880.38671875
2890,85414.2734375
2891,146516.40625
2892,59854.36328125
2893,103554.1015625
2894,55683.29296875
2895,327312.34375
2896,276307.3125
2897,197168.78125
2898,147851.59375
2899,214873.328125
2900,163359.640625
2901,212912.046875
2902,190986.234375
2903,326407.65625
2904,361436.6875
2905,91756.7421875
2906,203900.921875
2907,112061.109375
2908,135588.46875
2909,147641.84375
2910,80960.25
2911,79500.2734375
2912,146256.1875
2913,75079.8828125
2914,71676.8984375
2915,81959.90625
2916,73425.7265625
2917,165887.328125
2918,120564.0625
2919,200831.546875
